0.0731077753951235
0.09923755063140338
0.1177031212771027
0.12838535461837822
0.1366849336827893
0.1446271146056707
0.14835993963942498
0.15638154237153523
0.1618616472083234
0.16726233023588277
0.1706377571281074
0.17619728377412439
0.18028750694940832
0.18346437931856088
0.18616472083234056
0.1885870860138194
0.19263759828448893
0.19509967437058215
0.19839567945357794
0.19994440473353983
0.20109602096735762
0.20220792629656104
0.20439202605035342
0.20665554761337462
0.20824398379795092
0.20899849098562465
