0.07187673735207688
0.11742514494480184
0.1523707410054801
0.1813597013739973
0.20602017313954413
0.2254785164006036
0.2416011436740529
0.2533555714399174
0.26514971011039634
0.2745214835993964
0.28035898657771424
0.28373441346993883
0.29314589786355333
0.30053212612183305
0.30327217854022714
0.3063299181955365
0.30787864347549837
0.3126042411246128
0.31883885314907473
0.32066555476133746
0.32388213803510446
0.32205543642284173
0.32785322849654513
0.3291636883488206
0.33218171709951555
0.332618537050274
