0.09788737987451354
0.12838535461837822
0.1461758398856326
0.1578111349376539
0.166309268525137
0.1746088475895481
0.18231276308474306
0.18842824239536177
0.19382892542292113
0.19887221030895083
0.2019299499642602
0.2043126042411246
0.20613930585338733
0.2082042728933365
0.21110316893018824
0.2124930505916925
0.21507425939162894
0.21666269557620524
0.219760146136129
0.22198395679453578
0.22337383845604003
0.22440632197601462
0.2265507108251926
0.22853625605591296
0.23087919942816298
0.23258676832658248
0.23338098641887062
