0.0452307203558097
0.06611865618298784
0.08208243983797951
0.09586212373917878
0.10650464617583988
0.11714716861250099
0.12508934953538242
0.13358748312286553
0.14093400047653085
0.1484393614486538
0.15598443332539116
0.16392661424827257
0.1701215153681201
0.17726947819871336
0.1813994122786117
0.1859264554046541
0.19093002938606943
0.19466285441982367
0.1992296084504805
0.20359780795806529
0.2059010404257009
0.20804542927487887
0.2109046144071162
0.21324755777936621
0.21566992296084506
0.2194424588992137
0.22424747835755698
0.22520054006830276
