0.07692002223810658
0.10396314828051784
0.12068143912318323
0.13140338336907315
0.14466682551028512
0.15530934794694623
0.16444285600825986
0.16948614089428957
0.1768723691525693
0.1842188865062346
0.1908506075768406
0.19446429989675165
0.199666428401239
0.2064569930903026
0.21130172345326026
0.215471368437773
0.2182511317607815
0.22246048764990867
0.22416805654832817
0.22782145977285362
0.2305218012866333
0.23187197204352314
0.23421491541577316
0.23584306250496387
0.2382654276864427
0.24017155110793423
0.24350726709554443
0.24632674132316734
0.24660471765546818
