0.051743308712572475
0.07914383289651339
0.10118338495750934
0.11806051941863235
0.13168135970137398
0.14426971646414105
0.15368120085775555
0.16531649590977682
0.1735763640695735
0.1812405686601541
0.18882535144150583
0.1958541815582559
0.20252561353347628
0.20729092208720515
0.21348582320705264
0.21721864824080692
0.22250019855452308
0.2248431419267731
0.2304026685727901
0.23568421888650623
0.23973473115717575
0.24195854181558255
0.24577078865856564
0.24862997379080296
0.25295846239377334
0.25641331109522675
0.2578826145659598
0.2607020887935827
0.2634421412119768
0.2672543880549599
0.268723691525693
0.26923993328568024
