0.07342546263203875
0.09578270192994996
0.1121435946310857
0.12068143912318323
0.13076800889524262
0.1395441188150266
0.14665237074100548
0.14990866491938687
0.15880390755301405
0.16313239615598443
0.1674211738543404
0.17266301326344213
0.1753633547772218
0.17996981971249304
0.18227305218012865
0.18596616630926852
0.18830910968151854
0.1920022238106584
0.1937097927090779
0.1958938924628703
0.1991501866412517
0.20161226272734492
0.20292272257962035
0.20399491700420935
0.20733063299181956
0.2076086093241204
