0.05118735604797077
0.07445794615201334
0.09451195298228894
0.10845048050194583
0.12318322611389088
0.13537447383051385
0.14466682551028512
0.15427686442697164
0.16424430148518784
0.17234532602652688
0.17909617981097609
0.18759431339845922
0.19259788737987452
0.19823683583512033
0.202009371773489
0.2059010404257009
0.21177825430863315
0.2176554681915654
0.22142800412993408
0.2248828528313875
0.22853625605591296
0.23020411404971805
0.23449289174807403
0.2399332856802478
0.24136287824636646
0.2449765705662775
0.2465252958462394
0.247756333889286
0.2493050591692479
0.2518068461599555
0.2531570169168454
0.2539512350091335
