0.18509252640775156
0.21956159161305694
0.24247478357556984
0.256929552855214
0.2672543880549599
0.27757922325470574
0.28659359860217615
0.29266936700818047
0.2974743864665237
0.30045270431260424
0.3042252402509729
0.3072432690016679
0.31546342625685014
0.3176078151060281
0.3198713366690493
0.32106266380748155
0.3228893654197443
0.3254308633150663
0.32733698673655787
0.33106981177031214
0.32960050829957904
0.3308712572472401
0.33245969343181636
0.3309506790564689
0.32964021920419345
0.3325788261456596
0.3329759351918037
